[[-2.43900166e+00]
 [-1.31465328e+00]
 [-1.13138512e+00]
 [ 1.49740250e-01]
 [ 1.45864678e+00]
 [ 2.35341519e-03]
 [ 1.65326531e-01]
 [ 6.88473959e-01]
 [-5.47168835e-01]
 [ 1.53583801e-01]
 [ 4.76453972e-01]
 [ 1.75815593e+00]
 [-6.94806151e-01]
 [ 1.49875891e+00]
 [-2.07738528e+00]
 [ 1.71525921e-01]
 [-1.62563232e+00]
 [-1.00301493e+00]
 [ 6.85808787e-01]
 [-4.78313728e-01]
 [ 4.14458673e-02]
 [ 6.17318293e-01]
 [-1.95975136e+00]
 [-7.65175046e-01]
 [-1.19122038e+00]
 [-1.87690176e+00]
 [-9.57571228e-01]
 [-1.02356141e+00]
 [-1.70784075e+00]
 [-1.33755699e+00]]
[[-3.53479466]
 [ 0.02203383]
 [-2.56260277]
 [-1.04257338]
 [-1.97604293]
 [ 2.05614337]
 [-4.54347682]
 [ 0.70591933]
 [-5.41070059]
 [-2.99151772]]
